n_utterances=824
noisy_sisnr=8.443791274391199
enh_sisnr=6.525657689439217
noisy_pesq=1.9708953583703457
enh_pesq=1.3212657828354142
noisy_stoi=0.9210463402283164
enh_stoi=0.8307131063648611
noisy_comp_pesq=1.9708801720616886
noisy_comp_ovrl=2.6373059692294394
noisy_comp_sig=3.3572608927523833
noisy_comp_bak=2.4454731281561606
enh_comp_pesq=1.3212648003714755
enh_comp_ovrl=1.314583527150968
enh_comp_sig=1.4268130324248762
enh_comp_bak=1.6298490017399243
