n_utterances=824
noisy_sisnr=8.443791274391199
enh_sisnr=6.448012045772831
noisy_pesq=1.9708953583703457
enh_pesq=1.3308917538633624
noisy_stoi=0.9210463402283164
enh_stoi=0.8284346489967775
noisy_comp_pesq=1.9708801720616886
noisy_comp_ovrl=2.6373059692294394
noisy_comp_sig=3.3572608927523833
noisy_comp_bak=2.4454731281561606
enh_comp_pesq=1.3308916154127677
enh_comp_ovrl=1.4561422879755728
enh_comp_sig=1.667090423327942
enh_comp_bak=1.6556094571237476
