n_utterances=824
noisy_sisnr=8.443791274391199
enh_sisnr=18.083431306676363
noisy_pesq=1.9708953583703457
enh_pesq=2.2641916952086882
noisy_stoi=0.9210463402283164
enh_stoi=0.9247513012713914
noisy_comp_pesq=1.9708801720616886
noisy_comp_ovrl=2.6373059692294394
noisy_comp_sig=3.3572608927523833
noisy_comp_bak=2.4454731281561606
enh_comp_pesq=2.2641892223392874
enh_comp_ovrl=2.798396107816768
enh_comp_sig=3.366492078245103
enh_comp_bak=2.246239451332216
